748055161
541556283
527952102
435153693
304825324
292091736
260857928
312544902
79335909
17079
2307216
1652629
1241372
787189
756166
705789
704112
687359
672680
645431
635217
626927
625354
624551
622654
605434
603446
594808
587268
553309
548983
544029
542464
529050
513596
496222
495395
492827
489462
479852
472507
472045
471543
451572
446801
424778
415929
405334
396059
383303
381338
374406
374238
358672
349894
348686
332948
330584
328264
328195
319408
314817
313160
306607
304259
304079
301012
297906
292354
288545
287725
278889
278797
274591
271600
268031
259193
255463
254544
254340
251623
248402
244504
242066
240144
239786
239135
235518
235096
228275
227528
222509
212733
207723
206118
204544
204005
197946
197200
194093
191045
188728
185217
184056
178644
177051
175883
171198
166749
166487
165674
163216
162278
161216
160228
158841
158077
150568
143722
140078
138761
137733
136726
135786
134144
132402
132366
130849
130408
127512
124907
124749
123494
122948
121805
119138
117180
116161
115727
114068
110372
110268
109606
108672
106491
105157
105050
104322
103855
99709
96977
95587
93674
92634
91594
90748
90592
90360
90326
89147
88969
87637
86524
86161
85800
84640
84166
84138
83378
82082
81462
81263
80968
80516
79902
79606
79356
79129
78249
77196
76602
74697
74584
71464
71410
71391
70942
70240
70122
69881
69343
68966
68177
68015
67959
66949
66622
65869
65803
65516
65178
64437
64411
64246
63748
63678
63627
63284
62984
62838
62475
61934
61205
61022
60858
60681
60660
60454
60393
59916
59874
59401
59183
58920
58290
58194
58006
56770
56588
56469
56144
56081
55929
55899
55733
55676
55416
55323
55309
54555
54486
54357
54217
54184
54060
53789
53665
53625
53470
53370
52996
52586
52358
52034
51994
51918
51720
51353
51025
50910
50557
50415
50207
49489
49239
48131
48031
47954
47914
47844
47715
47547
47329
47070
47012
46990
46963
46528
46336
46280
45706
45685
45608
45594
45448
45301
45290
45187
45108
45031
44981
44920
44242
43773
43705
43534
43526
43383
43219
43199
43098
43006
42729
42415
42199
41832
41254
41215
41084
40917
40867
40696
40672
40439
40294
40142
40032
39746
39682
39530
39008
38804
38768
38377
38377
38309
38166
37934
37797
37375
36723
36344
36084
35758
35532
35363
35358
34960
34816
34692
34654
34558
34525
34391
34275
34077
34023
33802
33752
33427
33320
32914
32869
32685
32643
32516
32508
32320
32154
32147
32003
31877
31855
31622
31582
31530
31369
31319
31294
31292
31193
31186
31104
30949
30919
30682
30599
30578
30526
30508
30498
30421
30336
30316
30264
30214
30050
29822
29743
29605
29591
29531
29481
29429
29417
29383
29254
29183
29139
28695
28429
28417
28271
28056
27953
27949
27868
27654
27541
27514
27494
27469
27397
27362
27311
27240
27204
27075
26956
26929
26914
26856
26855
26837
26803
26722
26687
26593
26517
26406
26344
26315
26291
26216
26202
26037
25992
25893
25873
25771
25739
25461
25432
25187
25155
25152
25110
25018
24973
24943
24874
24863
24862
24827
24684
24670
24638
24553
24514
24473
24375
24279
24216
24154
24152
24124
24094
24063
24024
24017
23864
23848
23799
23785
23778
23732
23695
23654
23612
23609
23601
23475
23425
23419
23390
23352
23283
23231
23222
23212
23165
23119
23020
23019
22945
22854
22829
22818
22807
22772
22729
22659
22643
22564
22503
22283
22231
22190
22154
22134
22118
22078
22046
22039
22017
21973
21906
21625
21572
21564
21546
21535
21534
21522
21511
21493
21480
21440
21437
21373
21351
21303
21292
21256
21228
21214
21196
21191
21191
21128
21028
20988
20977
20943
20896
20815
20750
20692
20685
20673
20667
20612
20594
20546
20533
20524
20490
20460
20410
20399
20306
20294
20283
20185
20138
20015
19992
19970
19873
19862
19844
19835
19795
19792
19791
19739
19726
19712
19650
19645
19621
19620
19588
19554
19525
19451
19405
19357
19313
19302
19296
19276
19248
19233
19205
19201
19199
19193
19174
19163
19152
19120
19041
19026
19026
19019
19014
18947
18915
18913
18901
18825
18797
18778
18763
18717
18717
18711
18709
18691
18690
18682
18679
18628
18628
18627
18621
18558
18528
18508
18505
18482
18479
18474
18417
18416
18408
18402
18389
18372
18293
18273
18269
18267
18240
18215
18206
18164
18140
18132
18129
18123
18111
18101
18097
18058
18035
18021
18009
18003
18002
17986
17953
17931
17894
17892
17889
17887
17873
17853
17851
17838
17833
17818
17814
17807
17786
17782
17777
17754
17747
17742
17740
17733
17725
17691
17684
17634
17634
17631
17630
17625
17625
17536
17510
17510
17507
17496
17492
17462
17461
17451
17448
17412
17406
17363
17361
17352
17335
17309
17289
17261
17259
17256
17250
17245
17240
17234
17211
17209
17196
17175
17171
17157
17155
17150
17150
17141
17141
17098
17081
17030
17022
17013
17011
17007
16999
16991
16991
16947
16938
16923
16920
16919
16915
16913
16903
16880
16880
16879
16863
16863
16852
16852
16820
16810
16783
16736
16733
16732
16726
16722
16720
16711
16700
16696
16690
16677
16655
16637
16631
16622
16615
16607
16606
16594
16573
16564
16527
16525
16493
16466
16446
16419
16410
16400
16389
16369
16359
16350
16329
16306
16297
16292
16286
16248
16238
16203
16183
16168
16166
16144
16142
16137
16134
16130
16118
16104
16104
16102
16091
16081
16058
16049
16030
16008
16005
16004
16001
15992
15986
15986
15940
15926
15910
15909
15904
15903
15902
15893
15891
15883
15876
15873
15855
15811
15780
15761
15752
15739
15738
15734
15723
15720
15714
15704
15699
15695
15635
15628
15624
15623
15583
15580
15574
15574
15567
15567
15563
15546
15544
15540
15524
15512
15512
15468
15466
15454
15453
15444
15415
15414
15410
15395
15375
15374
15369
15367
15365
15365
15358
15354
15347
15329
15315
15300
15278
15272
15242
15242
15227
15223
15212
15189
15182
15120
15117
15111
15098
15097
15079
15061
15049
15036
15032
15030
15024
15024
15020
15019
14996
14990
14987
14983
14979
14967
14942
14938
14934
14928
14926
14917
14910
14834
14824
14818
14809
14798
14796
14783
14782
14762
14748
14738
14736
14720
14708
14688
14666
14666
14650
14642
14639
14625
14606
14571
14569
14554
14533
14526
14524
14501
14495
14493
14482
14482
14480
14473
14466
14465
14462
14445
14441
14436
14403
14391
14388
14386
14370
14327
14326
14326
14305
14293
14290
14286
14280
14272
14262
14236
14228
14225
14223
14219
14201
14188
14188
14166
14166
14155
14140
14138
14136
14132
14109
14100
14098
14081
14077
14073
14073
14044
14038
14032
14021
14020
14001
13994
13992
13986
13985
13983
13963
13955
13937
13931
13927
13894
13871
13863
13852
13843
13842
13819
13800
13770
13757
13752
13745
13736
13714
13712
13701
13689
13688
13671
13670
13656
13649
13633
13626
13626
13619
13603
13589
13587
13564
13561
13557
13541
13531
13529
13508
13504
13493
13488
13487
13485
13482
13478
13468
13466
13435
13432
13424
13420
13420
13409
13407
13378
13372
13371
13360
13357
13352
13350
13345
13339
13325
13314
13299
13295
13278
13277
13276
13271
13264
13247
13241
13239
13233
13231
13223
13220
13216
13204
13196
13186
13182
13179
13179
13138
13136
13131
13112
13110
13109
13100
13100
13079
13076
13075
13060
13034
13032
13030
13030
13029
13028
13022
13018
13007
12998
12994
12981
12958
12954
12943
12942
12929
12928
12926
12921
12914
12913
12889
12888
12887
12883
12882
12878
12871
12867
12859
12839
12836
12829
12822
12807
12806
12801
12800
12795
12786
12785
12782
12782
12780
12771
12769
12767
12756
12747
12746
12741
12734
12709
12696
12671
12658
12657
12653
12646
12645
12641
12639
12625
12619
12611
12590
12588
12586
12578
12571
12570
12566
12554
12551
12542
12539
12532
12523
12512
12496
12496
12488
12488
12448
12429
12421
12419
12419
12415
12400
12395
12393
12391
12382
12381
12377
12365
12360
12359
12344
12337
12329
12326
12309
12285
12278
12265
12254
12241
12241
12234
12213
12211
12203
12182
12170
12165
12162
12156
12140
12135
12132
12123
12119
12114
12108
12104
12104
12103
12102
12100
12097
12094
12093
12084
12082
12080
12078
12077
12077
12071
12071
12071
12067
12061
12053
12044
12042
12037
12035
12007
12000
11992
11971
11968
11966
11965
11965
11959
11959
11953
11948
11947
11946
11937
11930
11926
11919
11913
11910
11907
11901
11901
11895
11892
11886
11885
11884
11869
11868
11861
11861
11859
11857
11851
11848
11842
11839
11834
11815
11810
11804
11802
11798
11782
11776
11773
11764
11754
11749
11745
11727
11719
11715
11713
11713
11710
11702
11693
11693
11678
11673
11666
11654
11639
11637
11636
11635
11632
11629
11616
11614
11610
11608
11603
11589
11587
11585
11582
11579
11568
11554
11551
11551
11545
11539
11537
11513
11508
11499
11497
11488
11480
11459
11456
11448
11445
11441
11425
11422
11421
11419
11413
11409
11409
11403
11403
11363
11333
11295
11291
11290
11287
11286
11278
11278
11278
11271
11269
11254
11249
11247
11242
11242
11236
11236
11219
11208
11208
11208
11207
11205
11169
11155
11145
11139
11139
11138
11136
11122
11102
11091
11088
11084
11049
11047
11036
11032
11027
11027
11025
11017
11003
10992
10979
10967
10964
10952
10945
10945
10934
10931
10926
10920
10918
10912
10909
10896
10891
10889
10870
10869
10868
10866
10865
10865
10865
10853
10841
10834
10833
10805
10802
10799
10792
10784
10778
10759
10759
10755
10748
10744
10734
10728
10724
10721
10717
10689
10688
10685
10684
10675
10667
10667
10666
10660
10652
10645
10633
10631
10631
10630
10626
10601
10601
10599
10597
10597
10595
10592
10582
10580
10577
10571
10564
10563
10552
10543
10542
10538
10536
10535
10535
10534
10532
10514
10510
10510
10507
10506
10491
10490
10478
10476
10473
10467
10459
10457
10454
10436
10435
10431
10425
10422
10418
10409
10408
10407
10404
10391
10381
10374
10374
10371
10362
10362
10359
10348
10345
10345
10344
10341
10334
10330
10324
10323
10323
10318
10304
10301
10298
10295
10294
10292
10291
10290
10288
10275
10263
10262
10250
10242
10233
10222
10221
10215
10210
10204
10203
10201
10193
10186
10186
10183
10179
10166
10155
10153
10136
10128
10123
10120
10113
10098
10096
10094
10088
10087
10075
10071
10029
10024
10020
10017
10014
10012
10005
10000
10000
9999
9985
9975
9967
9959
9958
9956
9938
9929
9928
9924
9922
9918
9916
9907
9906
9905
9902
9890
9886
9885
9884
9881
9880
9879
9876
9873
9870
9863
9863
9858
9857
9855
9852
9852
9848
9844
9842
9834
9833
9832
9829
9802
9781
9771
9770
9768
9755
9746
9744
9740
9739
9731
9723
9723
9720
9719
9713
9711
9707
9693
9688
9677
9674
9674
9673
9672
9649
9647
9640
9630
9625
9623
9622
9610
9610
9606
9604
9603
9602
9592
9584
9581
9576
9574
9573
9571
9570
9563
9562
9545
9542
9542
9539
9537
9521
9518
9517
9515
9508
9506
9500
9498
9498
9495
9492
9491
9485
9482
9482
9479
9476
9476
9470
9469
9465
9463
9462
9461
9460
9455
9454
9445
9440
9437
9437
9431
9427
9425
9420
9417
9409
9406
9401
9395
9394
9391
9381
9373
9367
9367
9365
9362
9358
9351
9346
9338
9337
9336
9334
9323
9320
9315
9313
9310
9309
9309
9309
9306
9306
9304
9304
9301
9297
9279
9277
9269
9267
9265
9265
9263
9255
9251
9248
9240
9239
9231
9224
9219
9217
9215
9206
9206
9194
9191
9189
9187
9183
9182
9181
9173
9169
9167
9163
9152
9146
9143
9142
9140
9132
9131
9116
9112
9110
9106
9094
9091
9087
9073
9063
9061
9052
9049
9049
9046
9045
9043
9043
9041
9037
9030
9027
9026
9024
9023
9023
9013
8992
8991
8990
8988
8984
8980
8980
8977
8976
8970
8969
8965
8962
8961
8955
8953
8953
8951
8946
8945
8942
8942
8934
8931
8931
8930
8926
8918
8918
8917
8916
8910
8905
8900
8899
8899
8894
8888
8883
8877
8876
8865
8855
8854
8854
8851
8850
8846
8846
8844
8834
8833
8833
8832
8831
8830
8827
8817
8810
8808
8807
8800
8797
8794
8793
8792
8790
8790
8774
8770
8769
8763
8754
8753
8746
8746
8744
8744
8741
8740
8737
8734
8732
8730
8730
8725
8715
8713
8713
8710
8693
8689
8683
8679
8678
8678
8676
8676
8663
8663
8654
8654
8653
8653
8652
8652
8651
8650
8648
8646
8646
8644
8642
8642
8625
8625
8616
8615
8612
8612
8606
8604
8603
8602
8600
8595
8590
8586
8585
8580
8580
8579
8576
8573
8571
8563
8563
8562
8558
8558
8556
8555
8554
8550
8548
8536
8535
8533
8529
8525
8524
8524
8524
8522
8520
8516
8514
8512
8511
8510
8507
8502
8499
8494
8493
8491
8488
8488
8485
8485
8483
8473
8471
8470
8469
8468
8457
8456
8455
8451
8451
8446
8443
8439
8438
8430
8430
8426
8422
8420
8419
8415
8413
8412
8410
8408
8402
8402
8401
8400
8398
8398
8392
8387
8386
8385
8384
8381
8374
8365
8362
8360
8359
8357
8356
8352
8344
8336
8335
8335
8333
8323
8323
8319
8314
8314
8308
8308
8306
8306
8304
8302
8299
8297
8281
8279
8277
8267
8266
8265
8262
8257
8253
8252
8251
8250
8248
8242
8242
8239
8238
8237
8236
8233
8230
8220
8218
8216
8214
8213
8211
8207
8203
8202
8202
8200
8198
8198
8189
8186
8183
8175
8169
8168
8162
8161
8155
8152
8149
8147
8145
8143
8138
8134
8132
8132
8131
8126
8124
8122
8122
8120
8118
8115
8112
8111
8110
8110
8108
8107
8106
8103
8100
8092
8089
8087
8085
8083
8079
8078
8073
8069
8066
8065
8059
8058
8058
8057
8053
8051
8051
8047
8041
8037
8036
8035
8034
8033
8033
8032
8031
8030
8030
8029
8028
8027
8022
8019
8014
8013
8010
8007
8006
8004
8002
8000
7999
7998
7994
7993
7992
7991
7988
7988
7981
7979
7977
7974
7974
7972
7969
7962
7961
7960
7959
7957
7949
7943
7942
7942
7940
7937
7927
7922
7919
7919
7917
7915
7915
7914
7908
7908
7907
7906
7905
7904
7901
7889
7879
7878
7877
7870
7862
7862
7859
7854
7852
7848
7846
7845
7843
7842
7841
7841
7836
7834
7833
7833
7826
7826
7825
7825
7814
7813
7810
7807
7800
7800
7793
7789
7785
7785
7785
7784
7784
7776
7776
7774
7772
7766
7766
7765
7764
7764
7764
7759
7759
7757
7755
7750
7748
7748
7746
7742
7741
7738
7738
7737
7728
7726
7725
7723
7721
7720
7719
7718
7717
7714
7714
7710
7705
7704
7704
7703
7702
7700
7699
7696
7696
7696
7692
7691
7689
7687
7682
7681
7679
7676
7675
7674
7672
7670
7670
7666
7666
7666
7664
7663
7661
7659
7658
7655
7654
7652
7651
7650
7650
7649
7648
7647
7645
7644
7643
7638
7635
7632
7629
7627
7626
7624
7622
7617
7616
7613
7611
7610
7608
7608
7604
7602
7598
7590
7581
7577
7567
7566
7563
7561
7561
7560
7557
7557
7557
7553
7551
7548
7547
7546
7545
7544
7544
7541
7539
7538
7533
7527
7527
7525
7524
7523
7523
7522
7521
7521
7521
7521
7512
7510
7507
7504
7503
7500
7497
7497
7495
7489
7487
7485
7483
7483
7481
7481
7475
7473
7470
7469
7468
7466
7465
7464
7462
7462
7461
7449
7443
7442
7441
7439
7429
7429
7426
7426
7426
7425
7423
7421
7419
7417
7414
7410
7410
7407
7406
7402
7401
7399
7394
7391
7384
7384
7375
7374
7374
7373
7371
7371
7370
7368
7368
7367
7366
7360
7359
7358
7356
7356
7354
7353
7353
7352
7343
7339
7337
7334
7333
7333
7332
7332
7325
7321
7321
7321
7320
7320
7320
7319
7318
7318
7318
7317
7316
7315
7314
7313
7312
7312
7311
7310
7305
7304
7294
7291
7291
7286
7282
7281
7280
7280
7280
7279
7279
7276
7270
7269
7267
7266
7263
7262
7254
7253
7251
7251
7249
7244
7244
7243
7242
7241
7239
7239
7234
7234
7234
7233
7224
7222
7219
7219
7216
7214
7212
7210
7207
7206
7205
7205
7204
7203
7201
7198
7197
7196
7193
7192
7188
7186
7184
7183
7182
7180
7176
7173
7172
7171
7170
7167
7165
7164
7164
7163
7162
7161
7158
7158
7158
7155
7151
7151
7151
7150
7148
7148
7146
7143
7142
7141
7138
7136
7134
7133
7133
7133
7133
7132
7130
7129
7123
7122
7122
7119
7119
7118
7118
7116
7113
7105
7103
7101
7100
7100
7097
7094
7088
7087
7087
7087
7086
7085
7080
7078
7076
7075
7073
7072
7071
7068
7067
7065
7065
7063
7060
7060
7058
7057
7057
7054
7054
7053
7053
7050
7045
7045
7043
7042
7041
7039
7038
7038
7037
7037
7034
7034
7031
7031
7027
7026
7025
7023
7016
7015
6999
6999
6999
6997
6993
6992
6990
6990
6988
6987
6986
6984
6980
6979
6979
6978
6975
6975
6973
6973
6973
6973
6972
6968
6967
6963
6961
6961
6958
6958
6955
6954
6951
6950
6944
6943
6940
6937
6935
6933
6932
6931
6930
6926
6926
6925
6922
6921
6920
6919
6919
6918
6914
6912
6910
6909
6909
6905
6905
6904
6903
6901
6900
6896
6892
6889
6887
6887
6886
6885
6883
6883
6878
6874
6874
6873
6873
6870
6864
6864
6859
6857
6855
6854
6853
6851
6849
6849
6849
6849
6844
6844
6844
6842
6840
6839
6839
6838
6836
6834
6834
6833
6833
6833
6832
6832
6831
6826
6825
6825
6824
6823
6823
6823
6822
6822
6822
6821
6821
6815
6815
6811
6809
6807
6806
6799
6798
6797
6797
6794
6793
6788
6787
6787
6784
6784
6784
6783
6780
6779
6777
6776
6775
6772
6770
6770
6769
6767
6766
6763
6763
6762
6762
6761
6761
6760
6759
6758
6756
6756
6754
6754
6753
6753
6752
6751
6751
6750
6749
6748
6747
6746
6744
6739
6737
6736
6735
6734
6734
6734
6732
6731
6730
6730
6728
6727
6724
6724
6720
6717
6714
6713
6712
6712
6711
6710
6709
6707
6706
6705
6705
6705
6704
6703
6700
6697
6696
6695
6693
6692
6690
6689
6688
6685
6682
6676
6675
6673
6671
6664
6664
6663
6660
6660
6655
6654
6653
6649
6649
6648
6645
6644
6641
6638
6638
6635
6635
6635
6633
6632
6631
6631
6628
6628
6628
6626
6625
6622
6616
6613
6610
6609
6609
6609
6609
6609
6607
6606
6605
6605
6602
6602
6602
6601
6601
6601
6596
6594
6594
6592
6591
6590
6588
6587
6584
6583
6581
6581
6580
6577
6577
6575
6572
6571
6571
6571
6569
6569
6568
6568
6566
6565
6564
6561
6561
6560
6558
6557
6557
6557
6555
6554
6553
6550
6547
6547
6547
6541
6541
6538
6536
6535
6535
6535
6534
6532
6531
6531
6530
6530
6530
6530
6529
6527
6525
6525
6523
6516
6510
6507
6505
6503
6503
6501
6501
6500
6499
6498
6497
6496
6495
6495
6494
6493
6492
6491
6490
6489
6485
6484
6482
6481
6481
6478
6475
6474
6474
6474
6473
6471
6471
6467
6467
6467
6465
6465
6462
6459
6458
6457
6454
6454
6453
6452
6451
6450
6450
6449
6449
6447
6446
6444
6443
6443
6442
6437
6434
6433
6433
6432
6431
6431
6430
6428
6428
6428
6426
6424
6423
6421
6421
6420
6419
6419
6417
6417
6413
6411
6410
6407
6407
6405
6405
6402
6401
6398
6398
6397
6394
6392
6390
6390
6389
6387
6387
6385
6382
6377
6376
6375
6375
6373
6373
6368
6368
6368
6365
6364
6361
6359
6358
6358
6356
6356
6350
6348
6341
6340
6339
6338
6338
6337
6336
6334
6333
6331
6331
6330
6328
6328
6327
6327
6324
6320
6319
6318
6318
6316
6315
6313
6310
6310
6308
6306
6305
6305
6304
6302
6300
6297
6294
6291
6291
6287
6287
6286
6285
6284
6284
6278
6278
6277
6275
6273
6270
6269
6269
6268
6266
6266
6265
6264
6263
6262
6258
6256
6253
6253
6252
6249
6249
6247
6247
6245
6245
6244
6243
6239
6238
6235
6235
6235
6233
6232
6230
6227
6225
6224
6223
6221
6220
6220
6219
6218
6217
6216
6216
6216
6215
6214
6211
6210
6209
6205
6204
6201
6201
6200
6200
6199
6198
6198
6196
6196
6195
6194
6194
6193
6193
6193
6192
6191
6190
6190
6186
6185
6185
6183
6180
6177
6176
6174
6174
6173
6172
6168
6168
6167
6167
6167
6166
6166
6166
6165
6163
6163
6163
6163
6160
6157
6154
6153
6153
6152
6152
6151
6151
6151
6149
6148
6147
6145
6144
6143
6141
6140
6139
6137
6136
6134
6132
6132
6130
6128
6124
6124
6123
6121
6117
6116
6113
6113
6109
6106
6104
6103
6103
6097
6096
6096
6094
6090
6089
6088
6088
6088
6084
6083
6081
6079
6078
6078
6078
6076
6075
6074
6074
6071
6070
6069
6069
6067
6067
6066
6066
6065
6064
6063
6061
6061
6058
6057
6057
6054
6054
6054
6053
6047
6046
6045
6045
6043
6042
6038
6037
6037
6034
6034
6033
6031
6031
6030
6029
6029
6026
6026
6021
6021
6020
6019
6019
6018
6016
6015
6013
6012
6012
6007
6007
6005
6005
6004
6003
6003
6002
6001
6001
6000
6000
6000
6000
5998
5996
5996
5995
5992
5991
5985
5983
5981
5981
5979
5979
5977
5977
5976
5976
5975
5974
5969
5969
5967
5966
5965
5959
5959
5957
5957
5956
5953
5953
5951
5950
5949
5945
5945
5945
5944
5943
5943
5942
5941
5938
5937
5937
5936
5935
5930
5929
5928
5926
5926
5922
5922
5922
5922
5920
5920
5920
5919
5914
5913
5913
5913
5912
5912
5905
5905
5905
5903
5902
5902
5901
5900
5900
5898
5898
5898
5897
5896
5895
5891
5886
5885
5884
5883
5880
5880
5879
5878
5877
5876
5876
5875
5875
5874
5872
5871
5867
5865
5865
5864
5862
5860
5860
5858
5858
5853
5851
5851
5850
5849
5849
5845
5841
5841
5840
5837
5832
5830
5828
5828
5827
5826
5825
5823
5821
5821
5820
5820
5819
5817
5816
5813
5811
5808
5807
5806
5806
5804
5804
5803
5801
5799
5799
5795
5795
5794
5793
5793
5792
5790
5790
5787
5786
5785
5782
5782
5782
5782
5781
5780
5779
5778
5776
5774
5772
5769
5769
5768
5767
5763
5762
5761
5759
5758
5758
5758
5756
5754
5753
5753
5751
5751
5749
5747
5746
5745
5744
5743
5738
5738
5737
5737
5736
5734
5733
5732
5730
5727
5727
5726
5724
5724
5724
5723
5723
5723
5722
5721
5719
5718
5716
5715
5714
5714
5713
5707
5704
5704
5701
5700
5700
5699
5699
5696
5694
5692
5692
5687
5685
5685
5684
5684
5681
5678
5677
5676
5675
5674
5673
5673
5671
5671
5670
5669
5668
5667
5667
5664
5662
5662
5662
5661
5660
5659
5659
5658
5657
5657
5657
5656
5656
5654
5653
5650
5646
5646
5645
5643
5643
5641
5641
5640
5637
5636
5635
5631
5631
5629
5628
5626
5626
5625
5625
5622
5615
5613
5612
5611
5610
5609
5607
5606
5606
5606
5605
5605
5603
5602
5602
5597
5597
5597
5596
5596
5595
5594
5592
5590
5589
5589
5589
5588
5586
5586
5585
5582
5582
5578
5575
5573
5571
5569
5565
5565
5562
5562
5558
5558
5558
5554
5551
5551
5551
5550
5549
5549
5547
5546
5543
5542
5542
5542
5541
5538
5538
5536
5534
5534
5532
5528
5528
5526
5523
5523
5522
5519
5519
5518
5517
5516
5516
5516
5515
5515
5510
5509
5508
5507
5506
5502
5502
5500
5498
5497
5494
5493
5493
5491
5490
5490
5490
5489
5488
5488
5487
5486
5485
5484
5483
5481
5479
5479
5477
5476
5472
5470
5470
5469
5468
5468
5466
5466
5466
5464
5464
5463
5463
5462
5462
5462
5461
5459
5459
5458
5456
5456
5455
5455
5453
5452
5451
5451
5449
5449
5448
5445
5444
5443
5441
5440
5439
5438
5438
5435
5435
5434
5434
5433
5428
5426
5426
5425
5425
5423
5422
5421
5420
5420
5419
5418
5411
5411
5408
5407
5407
5405
5404
5404
5403
5403
5402
5401
5401
5401
5399
5398
5398
5396
5394
5391
5391
5389
5388
5388
5386
5386
5382
5378
5378
5373
5373
5370
5370
5369
5369
5368
5367
5367
5365
5365
5363
5363
5362
5361
5360
5359
5357
5357
5355
5354
5353
5353
5353
5348
5345
5345
5344
5343
5341
5340
5337
5337
5336
5336
5336
5336
5334
5333
5332
5332
5331
5330
5326
5326
5324
5324
5323
5323
5321
5320
5319
5319
5318
5317
5315
5315
5314
5314
5312
5311
5309
5309
5309
5305
5304
5303
5303
5303
5302
5301
5300
5299
5298
5294
5293
5293
5293
5292
5291
5291
5291
5291
5290
5290
5289
5285
5284
5283
5277
5277
5275
5275
5275
5274
5273
5270
5269
5268
5267
5267
5266
5263
5263
5262
5262
5260
5258
5256
5255
5254
5253
5252
5252
5250
5250
5249
5248
5248
5246
5244
5244
5244
5239
5238
5238
5237
5236
5236
5235
5233
5233
5232
5231
5226
5225
5223
5222
5222
5222
5218
5217
5216
5216
5216
5216
5215
5215
5214
5212
5209
5208
5207
5207
5205
5205
5203
5202
5202
5201
5197
5197
5196
5195
5194
5192
5192
5190
5189
5188
5188
5184
5183
5182
5181
5180
5180
5179
5178
5172
5171
5170
5170
5168
5167
5166
5166
5164
5163
5162
5161
5160
5159
5156
5154
5153
5151
5150
5149
5149
5148
5148
5147
5145
5145
5144
5141
5141
5139
5136
5136
5130
5130
5129
5128
5128
5128
5122
5120
5119
5110
5109
5106
5104
5101
5098
5098
5096
5096
5094
5093
5091
5089
5088
5084
5083
5083
5082
5082
5081
5080
5078
5078
5077
5076
5076
5073
5073
5072
5071
5070
5070
5070
5069
5069
5066
5066
5065
5064
5063
5060
5059
5056
5054
5054
5053
5052
5052
5052
5050
5050
5047
5046
5045
5044
5043
5043
5041
5040
5039
5039
5038
5038
5036
5036
5033
5032
5030
5030
5027
5026
5024
5022
5020
5019
5018
5013
5011
5008
5008
5007
5006
5005
5002
5000
4999
4996
4996
4995
4994
4994
4992
4991
4990
4990
4987
4986
4986
4985
4985
4984
4984
4983
4983
4980
4979
4979
4977
4975
4971
4971
4968
4966
4966
4966
4965
4964
4962
4959
4959
4959
4957
4952
4950
4946
4945
4945
4944
4943
4941
4940
4937
4936
4935
4935
4933
4932
4932
4931
4929
4925
4925
4924
4921
4920
4918
4916
4914
4913
4911
4905
4904
4900
4899
4899
4897
4895
4895
4893
4892
4891
4891
4891
4891
4889
4886
4885
4883
4883
4880
4880
4880
4877
4876
4875
4874
4874
4872
4871
4870
4869
4869
4867
4867
4865
4862
4862
4861
4861
4860
4857
4857
4856
4856
4856
4855
4854
4854
4854
4853
4853
4852
4852
4851
4851
4849
4847
4846
4839
4838
4838
4838
4837
4836
4833
4830
4827
4826
4826
4825
4824
4821
4821
4819
4817
4816
4813
4813
4812
4812
4810
4809
4803
4798
4797
4797
4792
4792
4789
4788
4787
4786
4785
4784
4784
4782
4781
4778
4777
4777
4776
4773
4773
4772
4770
4770
4769
4768
4767
4767
4763
4763
4762
4761
4756
4754
4752
4751
4751
4751
4749
4749
4748
4747
4744
4744
4743
4740
4738
4737
4733
4733
4732
4730
4729
4728
4726
4725
4725
4724
4723
4722
4721
4721
4719
4715
4715
4712
4709
4709
4705
4704
4698
4696
4695
4695
4690
4690
4688
4684
4683
4682
4681
4680
4679
4678
4676
4672
4672
4671
4668
4668
4666
4666
4664
4664
4660
4659
4659
4655
4655
4654
4654
4653
4653
4650
4648
4640
4639
4639
4638
4637
4637
4636
4636
4632
4632
4632
4629
4628
4628
4627
4626
4626
4625
4625
4623
4623
4622
4620
4617
4616
4615
4615
4612
4612
4609
4607
4604
4603
4602
4601
4600
4600
4599
4598
4598
4598
4598
4597
4594
4592
4590
4584
4584
4583
4583
4582
4581
4581
4580
4580
4580
4578
4577
4575
4572
4571
4571
4570
4568
4567
4566
4566
4566
4565
4565
4563
4559
4555
4553
4551
4549
4549
4547
4546
4544
4542
4541
4540
4539
4539
4536
4535
4531
4531
4531
4529
4527
4526
4526
4525
4524
4524
4523
4523
4521
4518
4517
4516
4515
4513
4510
4509
4509
4506
4505
4505
4504
4504
4501
4501
4500
4499
4497
4497
4497
4497
4495
4495
4488
4483
4482
4477
4477
4477
4473
4467
4467
4462
4461
4461
4461
4460
4457
4453
4452
4451
4449
4448
4441
4441
4440
4439
4437
4436
4436
4435
4433
4433
4432
4431
4428
4426
4425
4423
4423
4420
4418
4418
4417
4411
4409
4409
4408
4405
4403
4403
4401
4401
4399
4399
4395
4395
4395
4393
4393
4392
4391
4391
4390
4389
4387
4385
4382
4371
4370
4368
4365
4364
4361
4361
4360
4351
4348
4348
4348
4346
4344
4341
4340
4339
4335
4332
4329
4326
4321
4318
4315
4309
4302
4299
4298
4298
4296
4292
4286
4281
4277
4275
4275
4269
4264
4258
4257
4253
4250
4248
4248
4245
4240
4233
4233
4233
4226
4222
4220
4219
4218
4218
4218
4211
4207
4204
4198
4195
4190
4188
4184
4182
4172
4162
4161
4147
4146
4141
4139
4135
4132
4127
4115
4115
4113
4112
4109
4104
4099
4093
4083
4080
4078
4076
4070
4069
4068
4066
4060
4056
4043
4032
4027
4022
4011
4006
4003
3994
3988
3971
3959
3957
3955
3941
3926
3926
3921
3911
3888
3873
3869
3861
3844
3839
3836
3834
3828
3819
3810
3808
3807
3801
3785
3777
3774
3772
3770
3758
3729
3705
3703
3690
3684
3662
3650
3641
3638
3615
3602
3600
3587
3581
3570
3569
3562
3531
3522
3506
3484
3478
3473
3461
3456
3425
3416
3409
3406
3395
3375
3370
3366
3364
3340
3320
3287
3267
3267
3218
3208
3160
3153
3150
3145
3127
3112
3071
3066
3042
3036
3020
2995
2982
2979
2970
2963
2953
2949
2942
2915
2914
2905
2905
2890
2872
2830
2791
2788
2766
2755
2744
2742
2735
2720
2710
2704
2696
2685
2683
2673
2668
2578
2496
2493
2488
2482
2474
2470
2462
2446
2444
2429
2424
2413
2410
2408
2406
2402
2400
2390
2367
2359
2339
2337
2330
2297
2276
2264
2263
2220
2206
2203
2197
2179
2165
2154
2143
2124
2120
2097
2089
2081
2067
2066
2056
2052
2043
2023
2022
2014
2007
1996
1991
1985
1975
1954
1937
1936
1929
1927
1905
1904
1890
1887
1884
1881
1872
1869
1853
1847
1835
1828
1817
1784
1766
1761
1757
1747
1741
1736
1710
1704
1704
1704
1690
1686
1683
1679
1672
1671
1667
1664
1661
1627
1611
1611
1609
1604
1595
1591
1588
1581
1577
1575
1556
1553
1540
1533
1529
1527
1527
1520
1515
1513
1506
1504
1498
1488
1485
1484
1484
1477
1475
1470
1468
1463
1461
1457
1454
1445
1443
1442
1439
1433
1432
1425
1413
1405
1405
1405
1399
1388
1378
1370
1365
1364
1362
1358
1353
1345
1344
1344
1343
1341
1338
1337
1332
1325
1324
1320
1316
1316
1316
1314
1309
1309
1308
1308
1307
1306
1306
1294
1294
1288
1281
1274
1272
1269
1268
1245
1244
1243
1229
1227
1220
1220
1217
1211
1202
1199
1189
1186
1186
1184
1173
1171
1171
1169
1168
1163
1161
1150
1149
1142
1136
1123
1123
1111
1108
1104
1099
1096
1086
1085
1062
1057
1057
1051
1049
1049
1048
1041
1040
1037
1034
1033
1032
1030
1027
1025
1016
1009
1008
1000
996
994
994
992
991
990
989
988
987
987
979
972
971
966
964
959
957
956
956
951
951
948
945
943
943
938
937
937
934
934
928
927
920
916
915
908
905
904
903
902
902
898
897
896
893
888
887
885
885
884
881
876
873
870
867
866
866
866
864
863
859
856
856
853
849
847
839
839
835
828
823
823
817
817
816
816
816
810
807
807
805
803
800
799
796
796
794
789
787
785
783
783
782
781
775
772
772
754
749
745
735
731
711
692
670
631
625
605
599
597
590
575
572
551
547
521
