0
748158976
1289748480
1817706496
2252865536
2557739008
2850029568
3111124992
3423862784
3503292416
3503554560
3505913856
3507748864
3509059584
3510108160
3510894592
3511681024
3512467456
3513253888
3514040320
3514826752
3515613184
3516399616
3517186048
3517972480
3518758912
3519545344
3520331776
3521118208
3521904640
3522691072
3523477504
3524263936
3525050368
3525836800
3526361088
3526885376
3527409664
3527933952
3528458240
3528982528
3529506816
3530031104
3530555392
3531079680
3531603968
3532128256
3532652544
3533176832
3533701120
3534225408
3534749696
3535273984
3535798272
3536322560
3536846848
3537371136
3537895424
3538419712
3538944000
3539468288
3539992576
3540516864
3541041152
3541565440
3542089728
3542614016
3543138304
3543662592
3544186880
3544711168
3545235456
3545759744
3546284032
3546808320
3547332608
3547856896
3548119040
3548381184
3548643328
3548905472
3549167616
3549429760
3549691904
3549954048
3550216192
3550478336
3550740480
3551002624
3551264768
3551526912
3551789056
3552051200
3552313344
3552575488
3552837632
3553099776
3553361920
3553624064
3553886208
3554148352
3554410496
3554672640
3554934784
3555196928
3555459072
3555721216
3555983360
3556245504
3556507648
3556769792
3557031936
3557294080
3557556224
3557818368
3558080512
3558342656
3558604800
3558866944
3559129088
3559391232
3559653376
3559915520
3560177664
3560439808
3560701952
3560964096
3561226240
3561488384
3561750528
3562012672
3562274816
3562536960
3562799104
3563061248
3563323392
3563585536
3563847680
3564109824
3564371968
3564634112
3564896256
3565158400
3565420544
3565682688
3565944832
3566206976
3566469120
3566731264
3566993408
3567255552
3567517696
3567779840
3568041984
3568304128
3568566272
3568828416
3569090560
3569352704
3569614848
3569876992
3570139136
3570401280
3570663424
3570925568
3571187712
3571449856
3571712000
3571974144
3572236288
3572498432
3572760576
3573022720
3573284864
3573547008
3573809152
3574071296
3574333440
3574595584
3574857728
3575119872
3575382016
3575644160
3575906304
3576168448
3576430592
3576692736
3576954880
3577217024
3577479168
3577741312
3578003456
3578265600
3578527744
3578789888
3579052032
3579314176
3579576320
3579838464
3580100608
3580362752
3580624896
3580887040
3581149184
3581411328
3581673472
3581935616
3582197760
3582459904
3582722048
3582984192
3583246336
3583508480
3583770624
3584032768
3584294912
3584557056
3584819200
3585081344
3585343488
3585605632
3585867776
3586129920
3586392064
3586654208
3586916352
3587178496
3587440640
3587702784
3587964928
3588227072
3588489216
3588751360
3589013504
3589275648
3589537792
3589799936
3590062080
3590324224
3590586368
3590848512
3591110656
3591372800
3591634944
3591897088
3592159232
3592421376
3592683520
3592945664
3593207808
3593469952
3593732096
3593994240
3594256384
3594518528
3594780672
3595042816
3595304960
3595567104
3595829248
3596091392
3596353536
3596615680
3596877824
3597139968
3597402112
3597664256
3597926400
3598188544
3598450688
3598712832
3598974976
3599237120
3599499264
3599761408
3600023552
3600285696
3600547840
3600809984
3601072128
3601334272
3601596416
3601858560
3602120704
3602382848
3602644992
3602907136
3603169280
3603431424
3603693568
3603955712
3604217856
3604480000
3604742144
3605004288
3605266432
3605528576
3605790720
3606052864
3606315008
3606577152
3606839296
3607101440
3607363584
3607625728
3607887872
3608150016
3608412160
3608674304
3608936448
3609198592
3609460736
3609722880
3609985024
3610247168
3610509312
3610771456
3611033600
3611295744
3611557888
3611820032
3612082176
3612344320
3612606464
3612868608
3613130752
3613392896
3613655040
3613917184
3614179328
3614441472
3614703616
3614965760
3615227904
3615490048
3615752192
3616014336
3616276480
3616538624
3616800768
3617062912
3617325056
3617587200
3617849344
3618111488
3618373632
3618635776
3618897920
3619160064
3619422208
3619684352
3619946496
3620208640
3620470784
3620732928
3620995072
3621257216
3621519360
3621781504
3622043648
3622305792
3622567936
3622830080
3623092224
3623354368
3623616512
3623878656
3624140800
3624402944
3624665088
3624927232
3625189376
3625451520
3625713664
3625975808
3626237952
3626500096
3626762240
3627024384
3627286528
3627548672
3627810816
3628072960
3628335104
3628597248
3628859392
3629121536
3629383680
3629645824
3629907968
3630170112
3630432256
3630694400
3630956544
3631218688
3631480832
3631742976
3632005120
3632267264
3632529408
3632791552
3633053696
3633315840
3633577984
3633840128
3634102272
3634364416
3634626560
3634888704
3635150848
3635412992
3635675136
3635937280
3636199424
3636461568
3636723712
3636985856
3637248000
3637510144
3637772288
3638034432
3638296576
3638558720
3638820864
3639083008
3639345152
3639607296
3639869440
3640131584
3640393728
3640655872
3640918016
3641180160
3641442304
3641704448
3641966592
3642228736
3642490880
3642753024
3643015168
3643277312
3643539456
3643801600
3644063744
3644325888
3644588032
3644850176
3645112320
3645374464
3645636608
3645898752
3646160896
3646423040
3646685184
3646947328
3647209472
3647471616
3647733760
3647995904
3648258048
3648520192
3648782336
3649044480
3649306624
3649568768
3649830912
3650093056
3650355200
3650617344
3650879488
3651141632
3651403776
3651665920
3651928064
3652190208
3652452352
3652714496
3652976640
3653238784
3653500928
3653763072
3654025216
3654287360
3654549504
3654811648
3655073792
3655335936
3655598080
3655860224
3656122368
3656384512
3656646656
3656908800
3657170944
3657433088
3657695232
3657957376
3658219520
3658481664
3658743808
3659005952
3659268096
3659530240
3659792384
3660054528
3660316672
3660578816
3660840960
3661103104
3661365248
3661627392
3661889536
3662151680
3662413824
3662675968
3662938112
3663200256
3663462400
3663724544
3663986688
3664248832
3664510976
3664773120
3665035264
3665297408
3665559552
3665821696
3666083840
3666345984
3666608128
3666870272
3667132416
3667394560
3667656704
3667918848
3668180992
3668443136
3668705280
3668967424
3669229568
3669491712
3669753856
3670016000
3670278144
3670540288
3670802432
3671064576
3671326720
3671588864
3671851008
3672113152
3672375296
3672637440
3672899584
3673161728
3673423872
3673686016
3673948160
3674210304
3674472448
3674734592
3674996736
3675258880
3675521024
3675783168
3676045312
3676307456
3676569600
3676831744
3677093888
3677356032
3677618176
3677880320
3678142464
3678404608
3678666752
3678928896
3679191040
3679453184
3679715328
3679977472
3680239616
3680501760
3680763904
3681026048
3681288192
3681550336
3681812480
3682074624
3682336768
3682598912
3682861056
3683123200
3683385344
3683647488
3683909632
3684171776
3684433920
3684696064
3684958208
3685220352
3685482496
3685744640
3686006784
3686268928
3686531072
3686793216
3687055360
3687317504
3687579648
3687841792
3688103936
3688366080
3688628224
3688890368
3689152512
3689414656
3689676800
3689938944
3690201088
3690463232
3690725376
3690987520
3691249664
3691511808
3691773952
3692036096
3692298240
3692560384
3692822528
3693084672
3693346816
3693608960
3693871104
3694133248
3694395392
3694657536
3694919680
3695181824
3695443968
3695706112
3695968256
3696230400
3696492544
3696754688
3697016832
3697278976
3697541120
3697803264
3698065408
3698327552
3698589696
3698851840
3699113984
3699376128
3699638272
3699900416
3700162560
3700424704
3700686848
3700948992
3701211136
3701473280
3701735424
3701997568
3702259712
3702521856
3702784000
3703046144
3703308288
3703570432
3703832576
3704094720
3704356864
3704619008
3704881152
3705143296
3705405440
3705667584
3705929728
3706191872
3706454016
3706716160
3706978304
3707240448
3707502592
3707764736
3708026880
3708289024
3708551168
3708813312
3709075456
3709337600
3709599744
3709861888
3710124032
3710386176
3710648320
3710910464
3711172608
3711434752
3711696896
3711959040
3712221184
3712483328
3712745472
3713007616
3713269760
3713531904
3713794048
3714056192
3714318336
3714580480
3714842624
3715104768
3715366912
3715629056
3715891200
3716153344
3716415488
3716677632
3716939776
3717201920
3717464064
3717726208
3717988352
3718250496
3718512640
3718774784
3719036928
3719299072
3719561216
3719823360
3720085504
3720347648
3720609792
3720871936
3721134080
3721396224
3721658368
3721920512
3722182656
3722444800
3722706944
3722969088
3723231232
3723493376
3723755520
3724017664
3724279808
3724541952
3724804096
3725066240
3725328384
3725590528
3725852672
3726114816
3726376960
3726639104
3726901248
3727163392
3727425536
3727687680
3727949824
3728211968
3728474112
3728736256
3728998400
3729260544
3729522688
3729784832
3730046976
3730309120
3730571264
3730833408
3731095552
3731357696
3731619840
3731881984
3732144128
3732406272
3732668416
3732930560
3733192704
3733454848
3733716992
3733979136
3734241280
3734503424
3734765568
3735027712
3735289856
3735552000
3735814144
3736076288
3736338432
3736600576
3736862720
3737124864
3737387008
3737649152
3737911296
3738173440
3738435584
3738697728
3738959872
3739222016
3739484160
3739746304
3740008448
3740270592
3740532736
3740794880
3741057024
3741319168
3741581312
3741843456
3742105600
3742367744
3742629888
3742892032
3743154176
3743416320
3743678464
3743940608
3744202752
3744464896
3744727040
3744989184
3745251328
3745513472
3745775616
3746037760
3746299904
3746562048
3746824192
3747086336
3747348480
3747610624
3747872768
3748134912
3748397056
3748659200
3748921344
3749183488
3749445632
3749707776
3749969920
3750232064
3750494208
3750756352
3751018496
3751280640
3751542784
3751804928
3752067072
3752329216
3752591360
3752853504
3753115648
3753377792
3753639936
3753902080
3754164224
3754426368
3754688512
3754950656
3755212800
3755474944
3755737088
3755999232
3756261376
3756523520
3756785664
3757047808
3757309952
3757572096
3757834240
3758096384
3758358528
3758620672
3758882816
3759144960
3759407104
3759669248
3759931392
3760193536
3760455680
3760717824
3760979968
3761242112
3761504256
3761766400
3762028544
3762290688
3762552832
3762814976
3763077120
3763339264
3763601408
3763863552
3764125696
3764387840
3764649984
3764912128
3765174272
3765436416
3765698560
3765960704
3766222848
3766484992
3766747136
3767009280
3767271424
3767533568
3767795712
3768057856
3768320000
3768582144
3768844288
3769106432
3769368576
3769630720
3769892864
3770155008
3770417152
3770679296
3770941440
3771203584
3771465728
3771727872
3771990016
3772252160
3772514304
3772776448
3773038592
3773300736
3773562880
3773825024
3774087168
3774349312
3774611456
3774873600
3775135744
3775397888
3775660032
3775922176
3776184320
3776446464
3776708608
3776970752
3777232896
3777495040
3777757184
3778019328
3778281472
3778543616
3778805760
3779067904
3779330048
3779592192
3779854336
3780116480
3780378624
3780640768
3780902912
3781165056
3781427200
3781689344
3781951488
3782213632
3782475776
3782737920
3783000064
3783262208
3783524352
3783786496
3784048640
3784310784
3784572928
3784835072
3785097216
3785359360
3785621504
3785883648
3786145792
3786407936
3786670080
3786932224
3787194368
3787456512
3787718656
3787980800
3788242944
3788505088
3788767232
3789029376
3789291520
3789553664
3789815808
3790077952
3790340096
3790602240
3790864384
3791126528
3791388672
3791650816
3791912960
3792175104
3792437248
3792699392
3792961536
3793223680
3793485824
3793747968
3794010112
3794272256
3794534400
3794796544
3795058688
3795320832
3795582976
3795845120
3796107264
3796369408
3796631552
3796893696
3797155840
3797417984
3797680128
3797942272
3798204416
3798466560
3798728704
3798990848
3799252992
3799515136
3799777280
3800039424
3800301568
3800563712
3800825856
3801088000
3801350144
3801612288
3801874432
3802136576
3802398720
3802660864
3802923008
3803185152
3803447296
3803709440
3803971584
3804233728
3804495872
3804758016
3805020160
3805282304
3805544448
3805806592
3806068736
3806330880
3806593024
3806855168
3807117312
3807379456
3807641600
3807903744
3808165888
3808428032
3808690176
3808952320
3809214464
3809476608
3809738752
3810000896
3810263040
3810525184
3810787328
3811049472
3811311616
3811573760
3811835904
3812098048
3812360192
3812622336
3812884480
3813146624
3813408768
3813670912
3813933056
3814195200
3814457344
3814719488
3814981632
3815243776
3815505920
3815768064
3816030208
3816292352
3816554496
3816816640
3817078784
3817340928
3817603072
3817865216
3818127360
3818389504
3818651648
3818913792
3819175936
3819438080
3819700224
3819962368
3820224512
3820486656
3820748800
3821010944
3821273088
3821535232
3821797376
3822059520
3822321664
3822583808
3822845952
3823108096
3823370240
3823632384
3823894528
3824156672
3824418816
3824680960
3824943104
3825205248
3825467392
3825729536
3825991680
3826253824
3826515968
3826778112
3827040256
3827302400
3827564544
3827826688
3828088832
3828350976
3828613120
3828875264
3829137408
3829399552
3829661696
3829923840
3830185984
3830448128
3830710272
3830972416
3831234560
3831496704
3831758848
3832020992
3832283136
3832545280
3832807424
3833069568
3833331712
3833593856
3833856000
3834118144
3834380288
3834642432
3834904576
3835166720
3835428864
3835691008
3835953152
3836215296
3836477440
3836739584
3837001728
3837263872
3837526016
3837788160
3838050304
3838312448
3838574592
3838836736
3839098880
3839361024
3839623168
3839885312
3840147456
3840409600
3840671744
3840933888
3841196032
3841458176
3841720320
3841982464
3842244608
3842506752
3842768896
3843031040
3843293184
3843555328
3843817472
3844079616
3844341760
3844603904
3844866048
3845128192
3845390336
3845652480
3845914624
3846176768
3846438912
3846701056
3846963200
3847225344
3847487488
3847749632
3848011776
3848273920
3848536064
3848798208
3849060352
3849322496
3849584640
3849846784
3850108928
3850371072
3850633216
3850895360
3851157504
3851419648
3851681792
3851943936
3852206080
3852468224
3852730368
3852992512
3853254656
3853516800
3853778944
3854041088
3854303232
3854565376
3854827520
3855089664
3855351808
3855613952
3855876096
3856138240
3856400384
3856662528
3856924672
3857186816
3857448960
3857711104
3857973248
3858235392
3858497536
3858759680
3859021824
3859283968
3859546112
3859808256
3860070400
3860332544
3860594688
3860856832
3861118976
3861381120
3861643264
3861905408
3862167552
3862429696
3862691840
3862953984
3863216128
3863478272
3863740416
3864002560
3864264704
3864526848
3864788992
3865051136
3865313280
3865575424
3865837568
3866099712
3866361856
3866624000
3866886144
3867148288
3867410432
3867672576
3867934720
3868196864
3868459008
3868721152
3868983296
3869245440
3869507584
3869769728
3870031872
3870294016
3870556160
3870818304
3871080448
3871342592
3871604736
3871866880
3872129024
3872391168
3872653312
3872915456
3873177600
3873439744
3873701888
3873964032
3874226176
3874488320
3874750464
3875012608
3875274752
3875536896
3875799040
3876061184
3876323328
3876585472
3876847616
3877109760
3877371904
3877634048
3877896192
3878158336
3878420480
3878682624
3878944768
3879206912
3879469056
3879731200
3879993344
3880255488
3880517632
3880779776
3881041920
3881304064
3881566208
3881828352
3882090496
3882352640
3882614784
3882876928
3883139072
3883401216
3883663360
3883925504
3884187648
3884449792
3884711936
3884974080
3885236224
3885498368
3885760512
3886022656
3886284800
3886546944
3886809088
3887071232
3887333376
3887595520
3887857664
3888119808
3888381952
3888644096
3888906240
3889168384
3889430528
3889692672
3889954816
3890216960
3890479104
3890741248
3891003392
3891265536
3891527680
3891789824
3892051968
3892314112
3892576256
3892838400
3893100544
3893362688
3893624832
3893886976
3894149120
3894411264
3894673408
3894935552
3895197696
3895459840
3895721984
3895984128
3896246272
3896508416
3896770560
3897032704
3897294848
3897556992
3897819136
3898081280
3898343424
3898605568
3898867712
3899129856
3899392000
3899654144
3899916288
3900178432
3900440576
3900702720
3900964864
3901227008
3901489152
3901751296
3902013440
3902275584
3902537728
3902799872
3903062016
3903324160
3903586304
3903848448
3904110592
3904372736
3904634880
3904897024
3905159168
3905421312
3905683456
3905945600
3906207744
3906469888
3906732032
3906994176
3907256320
3907518464
3907780608
3908042752
3908304896
3908567040
3908829184
3909091328
3909353472
3909615616
3909877760
3910139904
3910402048
3910664192
3910926336
3911188480
3911450624
3911712768
3911974912
3912237056
3912499200
3912761344
3913023488
3913285632
3913547776
3913809920
3914072064
3914334208
3914596352
3914858496
3915120640
3915382784
3915644928
3915907072
3916169216
3916431360
3916693504
3916955648
3917217792
3917479936
3917742080
3918004224
3918266368
3918528512
3918790656
3919052800
3919314944
3919577088
3919839232
3920101376
3920363520
3920625664
3920887808
3921149952
3921412096
3921674240
3921936384
3922198528
3922460672
3922722816
3922984960
3923247104
3923509248
3923771392
3924033536
3924295680
3924557824
3924819968
3925082112
3925344256
3925606400
3925868544
3926130688
3926392832
3926654976
3926917120
3927179264
3927441408
3927703552
3927965696
3928227840
3928489984
3928752128
3929014272
3929276416
3929538560
3929800704
3930062848
3930324992
3930587136
3930849280
3931111424
3931373568
3931635712
3931897856
3932160000
3932422144
3932684288
3932946432
3933208576
3933470720
3933732864
3933995008
3934257152
3934519296
3934781440
3935043584
3935305728
3935567872
3935830016
3936092160
3936354304
3936616448
3936878592
3937140736
3937402880
3937665024
3937927168
3938189312
3938451456
3938713600
3938975744
3939237888
3939500032
3939762176
3940024320
3940286464
3940548608
3940810752
3941072896
3941335040
3941597184
3941859328
3942121472
3942383616
3942645760
3942907904
3943170048
3943432192
3943694336
3943956480
3944218624
3944480768
3944742912
3945005056
3945267200
3945529344
3945791488
3946053632
3946315776
3946577920
3946840064
3947102208
3947364352
3947626496
3947888640
3948150784
3948412928
3948675072
3948937216
3949199360
3949461504
3949723648
3949985792
3950247936
3950510080
3950772224
3951034368
3951296512
3951558656
3951820800
3952082944
3952345088
3952607232
3952869376
3953131520
3953393664
3953655808
3953917952
3954180096
3954442240
3954704384
3954966528
3955228672
3955490816
3955752960
3956015104
3956277248
3956539392
3956801536
3957063680
3957325824
3957587968
3957850112
3958112256
3958374400
3958636544
3958898688
3959160832
3959422976
3959685120
3959947264
3960209408
3960471552
3960733696
3960995840
3961257984
3961520128
3961782272
3962044416
3962306560
3962568704
3962830848
3963092992
3963355136
3963617280
3963879424
3964141568
3964403712
3964665856
3964928000
3965190144
3965452288
3965714432
3965976576
3966238720
3966500864
3966763008
3967025152
3967287296
3967549440
3967811584
3968073728
3968335872
3968598016
3968860160
3969122304
3969384448
3969646592
3969908736
3970170880
3970433024
3970695168
3970957312
3971219456
3971481600
3971743744
3972005888
3972268032
3972530176
3972792320
3973054464
3973316608
3973578752
3973840896
3974103040
3974365184
3974627328
3974889472
3975151616
3975413760
3975675904
3975938048
3976200192
3976462336
3976724480
3976986624
3977248768
3977510912
3977773056
3978035200
3978297344
3978559488
3978821632
3979083776
3979345920
3979608064
3979870208
3980132352
3980394496
3980656640
3980918784
3981180928
3981443072
3981705216
3981967360
3982229504
3982491648
3982753792
3983015936
3983278080
3983540224
3983802368
3984064512
3984326656
3984588800
3984850944
3985113088
3985375232
3985637376
3985899520
3986161664
3986423808
3986685952
3986948096
3987210240
3987472384
3987734528
3987996672
3988258816
3988520960
3988783104
3989045248
3989307392
3989569536
3989831680
3990093824
3990355968
3990618112
3990880256
3991142400
3991404544
3991666688
3991928832
3992190976
3992453120
3992715264
3992977408
3993239552
3993501696
3993763840
3994025984
3994288128
3994550272
3994812416
3995074560
3995336704
3995598848
3995860992
3996123136
3996385280
3996647424
3996909568
3997171712
3997433856
3997696000
3997958144
3998220288
3998482432
3998744576
3999006720
3999268864
3999531008
3999793152
4000055296
4000317440
4000579584
4000841728
4001103872
4001366016
4001628160
4001890304
4002152448
4002414592
4002676736
4002938880
4003201024
4003463168
4003725312
4003987456
4004249600
4004511744
4004773888
4005036032
4005298176
4005560320
4005822464
4006084608
4006346752
4006608896
4006871040
4007133184
4007395328
4007657472
4007919616
4008181760
4008443904
4008706048
4008968192
4009230336
4009492480
4009754624
4010016768
4010278912
4010541056
4010803200
4011065344
4011327488
4011589632
4011851776
4012113920
4012376064
4012638208
4012900352
4013162496
4013424640
4013686784
4013948928
4014211072
4014473216
4014735360
4014997504
4015259648
4015521792
4015783936
4016046080
4016308224
4016570368
4016832512
4017094656
4017356800
4017618944
4017881088
4018143232
4018405376
4018667520
4018929664
4019191808
4019453952
4019716096
4019978240
4020240384
4020502528
4020764672
4021026816
4021288960
4021551104
4021813248
4022075392
4022337536
4022599680
4022861824
4023123968
4023386112
4023648256
4023910400
4024172544
4024434688
4024696832
4024958976
4025221120
4025483264
4025745408
4026007552
4026269696
4026531840
4026793984
4027056128
4027318272
4027580416
4027842560
4028104704
4028366848
4028628992
4028891136
4029153280
4029415424
4029677568
4029939712
4030201856
4030464000
4030726144
4030988288
4031250432
4031512576
4031774720
4032036864
4032299008
4032561152
4032823296
4033085440
4033347584
4033609728
4033871872
4034134016
4034396160
4034658304
4034920448
4035182592
4035444736
4035706880
4035969024
4036231168
4036493312
4036755456
4037017600
4037279744
4037541888
4037804032
4038066176
4038328320
4038590464
4038852608
4039114752
4039376896
4039639040
4039901184
4040163328
4040425472
4040687616
4040949760
4041211904
4041474048
4041736192
4041998336
4042260480
4042522624
4042784768
4043046912
4043309056
4043571200
4043833344
4044095488
4044357632
4044619776
4044881920
4045144064
4045406208
4045668352
4045930496
4046192640
4046454784
4046716928
4046979072
4047241216
4047503360
4047765504
4048027648
4048289792
4048551936
4048814080
4049076224
4049338368
4049600512
4049862656
4050124800
4050386944
4050649088
4050911232
4051173376
4051435520
4051697664
4051959808
4052221952
4052484096
4052746240
4053008384
4053270528
4053532672
4053794816
4054056960
4054319104
4054581248
4054843392
4055105536
4055367680
4055629824
4055891968
4056154112
4056416256
4056678400
4056940544
4057202688
4057464832
4057726976
4057989120
4058251264
4058513408
4058775552
4059037696
4059299840
4059561984
4059824128
4060086272
4060348416
4060610560
4060872704
4061134848
4061396992
4061659136
4061921280
4062183424
4062445568
4062707712
4062969856
4063232000
4063494144
4063756288
4064018432
4064280576
4064542720
4064804864
4065067008
4065329152
4065591296
4065853440
4066115584
4066377728
4066639872
4066902016
4067164160
4067426304
4067688448
4067950592
4068212736
4068474880
4068737024
4068999168
4069261312
4069523456
4069785600
4070047744
4070309888
4070572032
4070834176
4071096320
4071358464
4071620608
4071882752
4072144896
4072407040
4072669184
4072931328
4073193472
4073455616
4073717760
4073979904
4074242048
4074504192
4074766336
4075028480
4075290624
4075552768
4075814912
4076077056
4076339200
4076601344
4076863488
4077125632
4077387776
4077649920
4077912064
4078174208
4078436352
4078698496
4078960640
4079222784
4079484928
4079747072
4080009216
4080271360
4080533504
4080795648
4081057792
4081319936
4081582080
4081844224
4082106368
4082368512
4082630656
4082892800
4083154944
4083417088
4083679232
4083941376
4084203520
4084465664
4084727808
4084989952
4085252096
4085514240
4085776384
4086038528
4086300672
4086562816
4086824960
4087087104
4087349248
4087611392
4087873536
4088135680
4088397824
4088659968
4088922112
4089184256
4089446400
4089708544
4089970688
4090232832
4090494976
4090757120
4091019264
4091281408
4091543552
4091805696
4092067840
4092329984
4092592128
4092854272
4093116416
4093378560
4093640704
4093902848
4094164992
4094427136
4094689280
4094951424
4095213568
4095475712
4095737856
4096000000
4096262144
4096524288
4096786432
4097048576
4097310720
4097572864
4097835008
4098097152
4098359296
4098621440
4098883584
4099145728
4099407872
4099670016
4099932160
4100194304
4100456448
4100718592
4100980736
4101242880
4101505024
4101767168
4102029312
4102291456
4102553600
4102815744
4103077888
4103340032
4103602176
4103864320
4104126464
4104388608
4104650752
4104912896
4105175040
4105437184
4105699328
4105961472
4106223616
4106485760
4106747904
4107010048
4107272192
4107534336
4107796480
4108058624
4108320768
4108582912
4108845056
4109107200
4109369344
4109631488
4109893632
4110155776
4110417920
4110680064
4110942208
4111204352
4111466496
4111728640
4111990784
4112252928
4112515072
4112777216
4113039360
4113301504
4113563648
4113825792
4114087936
4114350080
4114612224
4114874368
4115136512
4115398656
4115660800
4115922944
4116185088
4116447232
4116709376
4116971520
4117233664
4117495808
4117757952
4118020096
4118282240
4118544384
4118806528
4119068672
4119330816
4119592960
4119855104
4120117248
4120379392
4120641536
4120903680
4121165824
4121427968
4121690112
4121952256
4122214400
4122476544
4122738688
4123000832
4123262976
4123525120
4123787264
4124049408
4124311552
4124573696
4124835840
4125097984
4125360128
4125622272
4125884416
4126146560
4126408704
4126670848
4126932992
4127195136
4127457280
4127719424
4127981568
4128243712
4128505856
4128768000
4129030144
4129292288
4129554432
4129816576
4130078720
4130340864
4130603008
4130865152
4131127296
4131389440
4131651584
4131913728
4132175872
4132438016
4132700160
4132962304
4133224448
4133486592
4133748736
4134010880
4134273024
4134535168
4134797312
4135059456
4135321600
4135583744
4135845888
4136108032
4136370176
4136632320
4136894464
4137156608
4137418752
4137680896
4137943040
4138205184
4138467328
4138729472
4138991616
4139253760
4139515904
4139778048
4140040192
4140302336
4140564480
4140826624
4141088768
4141350912
4141613056
4141875200
4142137344
4142399488
4142661632
4142923776
4143185920
4143448064
4143710208
4143972352
4144234496
4144496640
4144758784
4145020928
4145283072
4145545216
4145807360
4146069504
4146331648
4146593792
4146855936
4147118080
4147380224
4147642368
4147904512
4148166656
4148428800
4148690944
4148953088
4149215232
4149477376
4149739520
4150001664
4150263808
4150525952
4150788096
4151050240
4151312384
4151574528
4151836672
4152098816
4152360960
4152623104
4152885248
4153147392
4153409536
4153671680
4153933824
4154195968
4154458112
4154720256
4154982400
4155244544
4155506688
4155768832
4156030976
4156293120
4156555264
4156817408
4157079552
4157341696
4157603840
4157865984
4158128128
4158390272
4158652416
4158914560
4159176704
4159438848
4159700992
4159963136
4160225280
4160487424
4160749568
4161011712
4161273856
4161536000
4161798144
4162060288
4162322432
4162584576
4162846720
4163108864
4163371008
4163633152
4163895296
4164157440
4164419584
4164681728
4164943872
4165206016
4165468160
4165730304
4165992448
4166254592
4166516736
4166778880
4167041024
4167303168
4167565312
4167827456
4168089600
4168351744
4168613888
4168876032
4169138176
4169400320
4169662464
4169924608
4170186752
4170448896
4170711040
4170973184
4171235328
4171497472
4171759616
4172021760
4172283904
4172546048
4172808192
4173070336
4173332480
4173594624
4173856768
4174118912
4174381056
4174643200
4174905344
4175167488
4175429632
4175691776
4175953920
4176216064
4176478208
4176740352
4177002496
4177264640
4177526784
4177788928
4178051072
4178313216
4178575360
4178837504
4179099648
4179361792
4179623936
4179886080
4180148224
4180410368
4180672512
4180934656
4181196800
4181458944
4181721088
4181983232
4182245376
4182507520
4182769664
4183031808
4183293952
4183556096
4183818240
4184080384
4184342528
4184604672
4184866816
4185128960
4185391104
4185653248
4185915392
4186177536
4186439680
4186701824
4186963968
4187226112
4187488256
4187750400
4188012544
4188274688
4188536832
4188798976
4189061120
4189323264
4189585408
4189847552
4190109696
4190371840
4190633984
4190896128
4191158272
4191420416
4191682560
4191944704
4192206848
4192468992
4192731136
4192993280
4193255424
4193517568
4193779712
4194041856
4194304000
4194566144
4194828288
4195090432
4195352576
4195614720
4195876864
4196139008
4196401152
4196663296
4196925440
4197187584
4197449728
4197711872
4197974016
4198236160
4198498304
4198760448
4199022592
4199284736
4199546880
4199809024
4200071168
4200333312
4200595456
4200857600
4201119744
4201381888
4201644032
4201906176
4202168320
4202430464
4202692608
4202954752
4203216896
4203479040
4203741184
4204003328
4204265472
4204527616
4204789760
4205051904
4205314048
4205576192
4205838336
4206100480
4206362624
4206624768
4206886912
4207149056
4207411200
4207673344
4207935488
4208197632
4208459776
4208721920
4208984064
4209246208
4209508352
4209770496
4210032640
4210294784
4210556928
4210819072
4211081216
4211343360
4211605504
4211867648
4212129792
4212391936
4212654080
4212916224
4213178368
4213440512
4213702656
4213964800
4214226944
4214489088
4214751232
4215013376
4215275520
4215537664
4215799808
4216061952
4216324096
4216586240
4216848384
4217110528
4217372672
4217634816
4217896960
4218159104
4218421248
4218683392
4218945536
4219207680
4219469824
4219731968
4219994112
4220256256
4220518400
4220780544
4221042688
4221304832
4221566976
4221829120
4222091264
4222353408
4222615552
4222877696
4223139840
4223401984
4223664128
4223926272
4224188416
4224450560
4224712704
4224974848
4225236992
4225499136
4225761280
4226023424
4226285568
4226547712
4226809856
4227072000
4227334144
4227596288
4227858432
4228120576
4228382720
4228644864
4228907008
4229169152
4229431296
4229693440
4229955584
4230217728
4230479872
4230742016
4231004160
4231266304
4231528448
4231790592
4232052736
4232314880
4232577024
4232839168
4233101312
4233363456
4233625600
4233887744
4234149888
4234412032
4234674176
4234936320
4235198464
4235460608
4235722752
4235984896
4236247040
4236509184
4236771328
4237033472
4237295616
4237557760
4237819904
4238082048
4238344192
4238606336
4238868480
4239130624
4239392768
4239654912
4239917056
4240179200
4240441344
4240703488
4240965632
4241227776
4241489920
4241752064
4242014208
4242276352
4242538496
4242800640
4243062784
4243324928
4243587072
4243849216
4244111360
4244373504
4244635648
4244897792
4245159936
4245422080
4245684224
4245946368
4246208512
4246470656
4246732800
4246994944
4247257088
4247519232
4247781376
4248043520
4248305664
4248567808
4248829952
4249092096
4249354240
4249616384
4249878528
4250140672
4250402816
4250664960
4250927104
4251189248
4251451392
4251713536
4251975680
4252237824
4252499968
4252762112
4253024256
4253286400
4253548544
4253810688
4254072832
4254334976
4254597120
4254859264
4255121408
4255383552
4255645696
4255907840
4256169984
4256432128
4256694272
4256956416
4257218560
4257480704
4257742848
4258004992
4258267136
4258529280
4258791424
4259053568
4259315712
4259577856
4259840000
4260102144
4260364288
4260626432
4260888576
4261150720
4261412864
4261675008
4261937152
4262199296
4262461440
4262723584
4262985728
4263247872
4263510016
4263772160
4264034304
4264296448
4264558592
4264820736
4265082880
4265345024
4265607168
4265869312
4266131456
4266393600
4266655744
4266917888
4267180032
4267442176
4267704320
4267966464
4268228608
4268490752
4268752896
4269015040
4269277184
4269539328
4269801472
4270063616
4270325760
4270587904
4270850048
4271112192
4271374336
4271636480
4271898624
4272160768
4272422912
4272685056
4272947200
4273209344
4273471488
4273733632
4273995776
4274257920
4274520064
4274782208
4275044352
4275306496
4275568640
4275830784
4276092928
4276355072
4276617216
4276879360
4277141504
4277403648
4277665792
4277927936
4278190080
4278452224
4278714368
4278976512
4279238656
4279500800
4279762944
4280025088
4280287232
4280549376
4280811520
4281073664
4281335808
4281597952
4281860096
4282122240
4282384384
4282646528
4282908672
4283170816
4283432960
4283695104
4283957248
4284219392
4284481536
4284743680
4285005824
4285267968
4285530112
4285792256
4286054400
4286316544
4286578688
4286840832
4287102976
4287365120
4287627264
4287889408
4288151552
4288413696
4288675840
4288937984
4289200128
4289462272
4289724416
4289986560
4290248704
4290510848
4290772992
4291035136
4291297280
4291559424
4291821568
4292083712
4292345856
4292608000
4292870144
4293132288
4293394432
4293656576
4293918720
4294180864
4294443008
4294705152
4294967296
4295229440
4295491584
4295753728
4296015872
4296278016
4296540160
4296802304
4297064448
4297326592
4297588736
4297850880
4298113024
4298375168
4298637312
4298899456
4299161600
4299423744
4299685888
4299948032
4300210176
4300472320
4300734464
4300996608
4301258752
4301520896
4301783040
4302045184
4302307328
4302569472
4302831616
4303093760
4303355904
4303618048
4303880192
4304142336
4304404480
4304666624
4304928768
4305190912
4305453056
4305715200
4305977344
4306239488
4306501632
4306763776
4307025920
4307288064
4307550208
4307812352
4308074496
4308336640
4308598784
4308860928
4309123072
4309385216
4309647360
4309909504
4310171648
4310433792
4310695936
4310958080
4311220224
4311482368
4311744512
4312006656
4312268800
4312530944
4312793088
4313055232
4313317376
4313579520
4313841664
4314103808
4314365952
4314628096
4314890240
4315152384
4315414528
4315676672
4315938816
4316200960
4316463104
4316725248
4316987392
4317249536
4317511680
4317773824
4318035968
4318298112
4318560256
4318822400
4319084544
4319346688
4319608832
4319870976
4320133120
4320395264
4320657408
4320919552
4321181696
4321443840
4321705984
4321968128
4322230272
4322492416
4322754560
4323016704
4323278848
4323540992
4323803136
4324065280
4324327424
4324589568
4324851712
4325113856
4325376000
4325638144
4325900288
4326162432
4326424576
4326686720
4326948864
4327211008
4327473152
4327735296
4327997440
4328259584
4328521728
4328783872
4329046016
4329308160
4329570304
4329832448
4330094592
4330356736
4330618880
4330881024
4331143168
4331405312
4331667456
4331929600
4332191744
4332453888
4332716032
4332978176
4333240320
4333502464
4333764608
4334026752
4334288896
4334551040
4334813184
4335075328
4335337472
4335599616
4335861760
4336123904
4336386048
4336648192
4336910336
4337172480
4337434624
4337696768
4337958912
4338221056
4338483200
4338745344
4339007488
4339269632
4339531776
4339793920
4340056064
4340318208
4340580352
4340842496
4341104640
4341366784
4341628928
4341891072
4342153216
4342415360
4342677504
4342939648
4343201792
4343463936
4343726080
4343988224
4344250368
4344512512
4344774656
4345036800
4345298944
4345561088
4345823232
4346085376
4346347520
4346609664
4346871808
4347133952
4347396096
4347658240
4347920384
4348182528
4348444672
4348706816
4348968960
4349231104
4349493248
4349755392
4350017536
4350279680
4350541824
4350803968
4351066112
4351328256
4351590400
4351852544
4352114688
4352376832
4352638976
4352901120
4353163264
4353425408
4353687552
4353949696
4354211840
4354473984
4354736128
4354998272
4355260416
4355522560
4355784704
4356046848
4356308992
4356571136
4356833280
4357095424
4357357568
4357619712
4357881856
4358144000
4358406144
4358668288
4358930432
4359192576
4359454720
4359716864
4359979008
4360241152
4360503296
4360765440
4361027584
4361289728
4361551872
4361814016
4362076160
4362338304
4362600448
4362862592
4363124736
4363386880
4363649024
4363911168
4364173312
4364435456
4364697600
4364959744
4365221888
4365484032
4365746176
4366008320
4366270464
4366532608
4366794752
4367056896
4367319040
4367581184
4367843328
4368105472
4368367616
4368629760
4368891904
4369154048
4369416192
4369678336
4369940480
4370202624
4370464768
4370726912
4370989056
4371251200
4371513344
4371775488
4372037632
4372299776
4372561920
4372824064
4373086208
4373348352
4373610496
4373872640
4374134784
4374396928
4374659072
4374921216
4375183360
4375445504
4375707648
4375969792
4376231936
4376494080
4376756224
4377018368
4377280512
4377542656
4377804800
4378066944
4378329088
4378591232
4378853376
4379115520
4379377664
4379639808
4379901952
4380164096
4380426240
4380688384
4380950528
4381212672
4381474816
4381736960
4381999104
4382261248
4382523392
4382785536
4383047680
4383309824
4383571968
4383834112
4384096256
4384358400
4384620544
4384882688
4385144832
4385406976
4385669120
4385931264
4386193408
4386455552
4386717696
4386979840
4387241984
4387504128
4387766272
4388028416
4388290560
4388552704
4388814848
4389076992
4389339136
4389601280
4389863424
4390125568
4390387712
4390649856
4390912000
4391174144
4391436288
4391698432
4391960576
4392222720
4392484864
4392747008
4393009152
4393271296
4393533440
4393795584
4394057728
4394319872
4394582016
4394844160
4395106304
4395368448
4395630592
4395892736
4396154880
4396417024
4396679168
4396941312
4397203456
4397465600
4397727744
4397989888
4398252032
4398514176
4398776320
4399038464
4399300608
4399562752
4399824896
4400087040
4400349184
4400611328
4400873472
4401135616
4401397760
4401659904
4401922048
4402184192
4402446336
4402708480
4402970624
4403232768
4403494912
4403757056
4404019200
4404281344
4404543488
4404805632
4405067776
4405329920
4405592064
4405854208
4406116352
4406378496
4406640640
4406902784
4407164928
4407427072
4407689216
4407951360
4408213504
4408475648
4408737792
4408999936
4409262080
4409524224
4409786368
4410048512
4410310656
4410572800
4410834944
4411097088
4411359232
4411621376
4411883520
4412145664
4412407808
4412669952
4412932096
4413194240
4413456384
4413718528
4413980672
4414242816
4414504960
4414767104
4415029248
4415291392
4415553536
4415815680
4416077824
4416339968
4416602112
4416864256
4417126400
4417388544
4417650688
4417912832
4418174976
4418437120
4418699264
4418961408
4419223552
4419485696
4419747840
4420009984
4420272128
4420534272
4420796416
4421058560
4421320704
4421582848
4421844992
4422107136
4422369280
4422631424
4422893568
4423155712
4423417856
4423680000
4423942144
4424204288
4424466432
4424728576
4424990720
4425252864
4425515008
4425777152
4426039296
4426301440
4426563584
4426825728
4427087872
4427350016
4427612160
4427874304
4428136448
4428398592
4428660736
4428922880
4429185024
4429447168
4429709312
4429971456
4430233600
4430495744
4430757888
4431020032
4431282176
4431544320
4431806464
4432068608
4432330752
4432592896
4432855040
4433117184
4433379328
4433641472
4433903616
4434165760
4434427904
4434690048
4434952192
4435214336
4435476480
4435738624
4436000768
4436262912
4436525056
4436787200
4437049344
4437311488
4437573632
4437835776
4438097920
4438360064
4438622208
4438884352
4439146496
4439408640
4439670784
4439932928
4440195072
4440457216
4440719360
4440981504
4441243648
4441505792
4441767936
4442030080
4442292224
4442554368
4442816512
4443078656
4443340800
4443602944
4443865088
4444127232
4444389376
4444651520
4444913664
4445175808
4445437952
4445700096
4445962240
4446224384
4446486528
4446748672
4447010816
4447272960
4447535104
4447797248
4448059392
4448321536
4448583680
4448845824
4449107968
4449370112
4449632256
4449894400
4450156544
4450418688
4450680832
4450942976
4451205120
4451467264
4451729408
4451991552
4452253696
4452515840
4452777984
4453040128
4453302272
4453564416
4453826560
4454088704
4454350848
4454612992
4454875136
4455137280
4455399424
4455661568
4455923712
4456185856
4456448000
4456710144
4456972288
4457234432
4457496576
4457758720
4458020864
4458283008
4458545152
4458807296
4459069440
4459331584
4459593728
4459855872
4460118016
4460380160
4460642304
4460904448
4461166592
4461428736
4461690880
4461953024
4462215168
4462477312
4462739456
4463001600
4463263744
4463525888
4463788032
4464050176
4464312320
4464574464
4464836608
4465098752
4465360896
4465623040
4465885184
4466147328
4466409472
4466671616
4466933760
4467195904
4467458048
4467720192
4467982336
4468244480
4468506624
4468768768
4469030912
4469293056
4469555200
4469817344
4470079488
4470341632
4470603776
4470865920
4471128064
4471390208
4471652352
4471914496
4472176640
4472438784
4472700928
4472963072
4473225216
4473487360
4473749504
4474011648
4474273792
4474535936
4474798080
4475060224
4475322368
4475584512
4475846656
4476108800
4476370944
4476633088
4476895232
4477157376
4477419520
4477681664
4477943808
4478205952
4478468096
4478730240
4478992384
4479254528
4479516672
4479778816
4480040960
4480303104
4480565248
4480827392
4481089536
4481351680
4481613824
4481875968
4482138112
4482400256
4482662400
4482924544
4483186688
4483448832
4483710976
4483973120
4484235264
4484497408
4484759552
4485021696
4485283840
4485545984
4485808128
4486070272
4486332416
4486594560
4486856704
4487118848
4487380992
4487643136
4487905280
4488167424
4488429568
4488691712
4488953856
4489216000
4489478144
4489740288
4490002432
4490264576
4490526720
4490788864
4491051008
4491313152
4491575296
4491837440
4492099584
4492361728
4492623872
4492886016
4493148160
4493410304
4493672448
4493934592
4494196736
4494458880
4494721024
4494983168
4495245312
4495507456
4495769600
4496031744
4496293888
4496556032
4496818176
4497080320
4497342464
4497604608
4497866752
4498128896
4498391040
4498653184
4498915328
4499177472
4499439616
4499701760
4499963904
4500226048
4500488192
4500750336
4501012480
4501274624
4501536768
4501798912
4502061056
4502323200
4502585344
4502847488
4503109632
4503371776
4503633920
4503896064
4504158208
4504420352
4504682496
4504944640
4505206784
4505468928
4505731072
4505993216
4506255360
4506517504
4506779648
4507041792
4507303936
4507566080
4507828224
4508090368
4508352512
4508614656
4508876800
4509138944
4509401088
4509663232
4509925376
4510187520
4510449664
4510711808
4510973952
4511236096
4511498240
4511760384
4512022528
4512284672
4512546816
4512808960
4513071104
4513333248
4513595392
4513857536
4514119680
4514381824
4514643968
4514906112
4515168256
4515430400
4515692544
4515954688
4516216832
4516478976
4516741120
4517003264
4517265408
4517527552
4517789696
4518051840
4518313984
4518576128
4518838272
4519100416
4519362560
4519624704
4519886848
4520148992
4520411136
4520673280
4520935424
4521197568
4521459712
4521721856
4521984000
4522246144
4522508288
4522770432
4523032576
4523294720
4523556864
4523819008
4524081152
4524343296
4524605440
4524867584
4525129728
4525391872
4525654016
4525916160
4526178304
4526440448
4526702592
4526964736
4527226880
4527489024
4527751168
4528013312
4528275456
4528537600
4528799744
4529061888
4529324032
4529586176
4529848320
4530110464
4530372608
4530634752
4530896896
4531159040
4531421184
4531683328
4531945472
4532207616
4532469760
4532731904
4532994048
4533256192
4533518336
4533780480
4534042624
4534304768
4534566912
4534829056
4535091200
4535353344
4535615488
4535877632
4536139776
4536401920
4536664064
4536926208
4537188352
4537450496
4537712640
4537974784
4538236928
4538499072
4538761216
4539023360
4539285504
4539547648
4539809792
4540071936
4540334080
4540596224
4540858368
4541120512
4541382656
4541644800
4541906944
4542169088
4542431232
4542693376
4542955520
4543217664
4543479808
4543741952
4544004096
4544266240
4544528384
4544790528
4545052672
4545314816
4545576960
4545839104
4546101248
4546363392
4546625536
4546887680
4547149824
4547411968
4547674112
4547936256
4548198400
4548460544
4548722688
4548984832
4549246976
4549509120
4549771264
4550033408
4550295552
4550557696
4550819840
4551081984
4551344128
4551606272
4551868416
4552130560
4552392704
4552654848
4552916992
4553179136
4553441280
4553703424
4553965568
4554227712
4554489856
4554752000
4555014144
4555276288
4555538432
4555800576
4556062720
4556324864
4556587008
4556849152
4557111296
4557373440
4557635584
4557897728
4558159872
4558422016
4558684160
4558946304
4559208448
4559470592
4559732736
4559994880
4560257024
4560519168
4560781312
4561043456
4561305600
4561567744
4561829888
4562092032
4562354176
4562616320
4562878464
4563140608
4563402752
4563664896
4563927040
4564189184
4564451328
4564713472
4564975616
4565237760
4565499904
4565762048
4566024192
4566286336
4566548480
4566810624
4567072768
4567334912
4567597056
4567859200
4568121344
4568383488
4568645632
4568907776
4569169920
4569432064
4569694208
4569956352
4570218496
4570480640
4570742784
4571004928
4571267072
4571529216
4571791360
4572053504
4572315648
4572577792
4572839936
4573102080
4573364224
4573626368
4573888512
4574150656
4574412800
4574674944
4574937088
4575199232
4575461376
4575723520
4575985664
4576247808
4576509952
4576772096
4577034240
4577296384
4577558528
4577820672
4578082816
4578344960
4578607104
4578869248
4579131392
4579393536
4579655680
4579917824
4580179968
4580442112
4580704256
4580966400
4581228544
4581490688
4581752832
4582014976
4582277120
4582539264
4582801408
4583063552
4583325696
4583587840
4583849984
4584112128
4584374272
4584636416
4584898560
4585160704
4585422848
4585684992
4585947136
4586209280
4586471424
4586733568
4586995712
4587257856
4587520000
4587782144
4588044288
4588306432
4588568576
4588830720
4589092864
4589355008
4589617152
4589879296
4590141440
4590403584
4590665728
4590927872
4591190016
4591452160
4591714304
4591976448
4592238592
4592500736
4592762880
4593025024
4593287168
4593549312
4593811456
4594073600
4594335744
4594597888
4594860032
4595122176
4595384320
4595646464
4595908608
4596170752
4596432896
4596695040
4596957184
4597219328
4597481472
4597743616
4598005760
4598267904
4598530048
4598792192
4599054336
4599316480
4599578624
4599840768
4600102912
4600365056
4600627200
4600889344
4601151488
4601413632
4601675776
4601937920
4602200064
4602462208
4602724352
4602986496
4603248640
4603510784
4603772928
4604035072
4604297216
4604559360
4604821504
4605083648
4605345792
4605607936
4605870080
4606132224
4606394368
4606656512
4606918656
4607180800
4607442944
4607705088
4607967232
4608229376
4608491520
4608753664
4609015808
4609277952
4609540096
4609802240
4610064384
4610326528
4610588672
4610850816
4611112960
4611375104
4611637248
4611899392
4612161536
4612423680
4612685824
4612947968
4613210112
4613472256
4613734400
4613996544
4614258688
4614520832
4614782976
4615045120
4615307264
4615569408
4615831552
4616093696
4616355840
4616617984
4616880128
4617142272
4617404416
4617666560
4617928704
4618190848
4618452992
4618715136
4618977280
4619239424
4619501568
4619763712
4620025856
4620288000
4620550144
4620812288
4621074432
4621336576
4621598720
4621860864
4622123008
4622385152
4622647296
4622909440
4623171584
4623433728
4623695872
4623958016
4624220160
4624482304
4624744448
4625006592
4625268736
4625530880
4625793024
4626055168
4626317312
4626579456
4626841600
4627103744
4627365888
4627628032
4627890176
4628152320
4628414464
4628676608
4628938752
4629200896
4629463040
4629725184
4629987328
4630249472
4630511616
4630773760
4631035904
4631298048
4631560192
4631822336
4632084480
4632346624
4632608768
4632870912
4633133056
4633395200
4633657344
4633919488
4634181632
4634443776
4634705920
4634968064
4635230208
4635492352
4635754496
4636016640
4636278784
4636540928
4636803072
4637065216
4637327360
4637589504
4637851648
4638113792
4638375936
4638638080
4638900224
4639162368
4639424512
4639686656
4639948800
4640210944
4640473088
4640735232
4640997376
4641259520
4641521664
4641783808
4642045952
4642308096
4642570240
4642832384
4643094528
4643356672
4643618816
4643880960
4644143104
4644405248
4644667392
4644929536
4645191680
4645453824
4645715968
4645978112
4646240256
4646502400
4646764544
4647026688
4647288832
4647550976
4647813120
4648075264
4648337408
4648599552
4648861696
4649123840
4649385984
4649648128
4649910272
4650172416
4650434560
4650696704
4650958848
4651220992
4651483136
4651745280
4652007424
4652269568
4652531712
4652793856
4653056000
4653318144
4653580288
4653842432
4654104576
4654366720
4654628864
4654891008
4655153152
4655415296
4655677440
4655939584
4656201728
4656463872
4656726016
4656988160
4657250304
4657512448
4657774592
4658036736
4658298880
4658561024
4658823168
4659085312
4659347456
4659609600
4659871744
4660133888
4660396032
4660658176
4660920320
4661182464
4661444608
4661706752
4661968896
4662231040
4662493184
4662755328
4663017472
4663279616
4663541760
4663803904
4664066048
4664328192
4664590336
4664852480
4665114624
4665376768
4665638912
4665901056
4666163200
4666425344
4666687488
4666949632
4667211776
4667473920
4667736064
4667998208
4668260352
4668522496
4668784640
4669046784
4669308928
4669571072
4669833216
4670095360
4670357504
4670619648
4670881792
4671143936
4671406080
4671668224
4671930368
4672192512
4672454656
4672716800
4672978944
4673241088
4673503232
4673765376
4674027520
4674289664
4674551808
4674813952
4675076096
4675338240
4675600384
4675862528
4676124672
4676386816
4676648960
4676911104
4677173248
4677435392
4677697536
4677959680
4678221824
4678483968
4678746112
4679008256
4679270400
4679532544
4679794688
4680056832
4680318976
4680581120
4680843264
4681105408
4681367552
4681629696
4681891840
4682153984
4682416128
4682678272
4682940416
4683202560
4683464704
4683726848
4683988992
4684251136
4684513280
4684775424
4685037568
4685299712
4685561856
4685824000
4686086144
4686348288
4686610432
4686872576
4687134720
4687396864
4687659008
4687921152
4688183296
4688445440
4688707584
4688969728
4689231872
4689494016
4689756160
4690018304
4690280448
4690542592
4690804736
4691066880
4691329024
4691591168
4691853312
4692115456
4692377600
4692639744
4692901888
4693164032
4693426176
4693688320
4693950464
4694212608
4694474752
4694736896
4694999040
4695261184
4695523328
4695785472
4696047616
4696309760
4696571904
4696834048
4697096192
4697358336
4697620480
4697882624
4698144768
4698406912
4698669056
4698931200
4699193344
4699455488
4699717632
4699979776
4700241920
4700504064
4700766208
4701028352
4701290496
4701552640
4701814784
4702076928
4702339072
4702601216
4702863360
4703125504
4703387648
4703649792
4703911936
4704174080
4704436224
4704698368
4704960512
4705222656
4705484800
4705746944
4706009088
4706271232
4706533376
4706795520
4707057664
4707319808
4707581952
4707844096
4708106240
4708368384
4708630528
4708892672
4709154816
4709416960
4709679104
4709941248
4710203392
4710465536
4710727680
4710989824
4711251968
4711514112
4711776256
4712038400
4712300544
4712562688
4712824832
4713086976
4713349120
4713611264
4713873408
4714135552
4714397696
4714659840
4714921984
4715184128
4715446272
4715708416
4715970560
4716232704
4716494848
4716756992
4717019136
4717281280
4717543424
4717805568
4718067712
4718329856
4718592000
4718854144
4719116288
4719378432
4719640576
4719902720
4720164864
4720427008
4720689152
4720951296
4721213440
4721475584
4721737728
4721999872
4722262016
4722524160
4722786304
4723048448
4723310592
4723572736
4723834880
4724097024
4724359168
4724621312
4724883456
4725145600
4725407744
4725669888
4725932032
4726194176
4726456320
4726718464
4726980608
4727242752
4727504896
4727767040
4728029184
4728291328
4728553472
4728815616
4729077760
4729339904
4729602048
4729864192
4730126336
4730388480
4730650624
4730912768
4731174912
4731437056
4731699200
4731961344
4732223488
4732485632
4732747776
4733009920
4733272064
4733534208
4733796352
4734058496
4734320640
4734582784
4734844928
4735107072
4735369216
4735631360
4735893504
4736155648
4736417792
4736679936
4736942080
4737204224
4737466368
4737728512
4737990656
4738252800
4738514944
4738777088
4739039232
4739301376
4739563520
4739825664
4740087808
4740349952
4740612096
4740874240
4741136384
4741398528
4741660672
4741922816
4742184960
4742447104
4742709248
4742971392
4743233536
4743495680
4743757824
4744019968
4744282112
4744544256
4744806400
4745068544
4745330688
4745592832
4745854976
4746117120
4746379264
4746641408
4746903552
4747165696
4747427840
4747689984
4747952128
4748214272
4748476416
4748738560
4749000704
4749262848
4749524992
4749787136
4750049280
4750311424
4750573568
4750835712
4751097856
4751360000
4751622144
4751884288
4752146432
4752408576
4752670720
4752932864
4753195008
4753457152
4753719296
4753981440
4754243584
4754505728
4754767872
4755030016
4755292160
4755554304
4755816448
4756078592
4756340736
4756602880
4756865024
4757127168
4757389312
4757651456
4757913600
4758175744
4758437888
4758700032
4758962176
4759224320
4759486464
4759748608
4760010752
4760272896
4760535040
4760797184
4761059328
4761321472
4761583616
4761845760
4762107904
4762370048
4762632192
4762894336
4763156480
4763418624
4763680768
4763942912
4764205056
4764467200
4764729344
4764991488
4765253632
4765515776
4765777920
4766040064
4766302208
4766564352
4766826496
4767088640
4767350784
4767612928
4767875072
4768137216
4768399360
4768661504
4768923648
4769185792
4769447936
4769710080
4769972224
4770234368
4770496512
4770758656
4771020800
4771282944
4771545088
4771807232
4772069376
4772331520
4772593664
4772855808
4773117952
4773380096
4773642240
4773904384
4774166528
4774428672
4774690816
4774952960
4775215104
4775477248
4775739392
4776001536
4776263680
4776525824
4776787968
4777050112
4777312256
4777574400
4777836544
4778098688
4778360832
4778622976
4778885120
4779147264
4779409408
4779671552
4779933696
4780195840
4780457984
4780720128
4780982272
4781244416
4781506560
4781768704
4782030848
4782292992
4782555136
4782817280
4783079424
4783341568
4783603712
4783865856
4784128000
4784390144
4784652288
4784914432
4785176576
4785438720
4785700864
4785963008
4786225152
4786487296
4786749440
4787011584
4787273728
4787535872
4787798016
4788060160
4788322304
4788584448
4788846592
4789108736
4789370880
4789633024
4789895168
4790157312
4790419456
4790681600
4790943744
4791205888
4791468032
4791730176
4791992320
4792254464
4792516608
4792778752
4793040896
4793303040
4793565184
4793827328
4794089472
4794351616
4794613760
4794875904
4795138048
4795400192
4795662336
4795924480
4796186624
4796448768
4796710912
4796973056
4797235200
4797497344
4797759488
4798021632
4798283776
4798545920
4798808064
4799070208
4799332352
4799594496
4799856640
4800118784
4800380928
4800643072
4800905216
4801167360
4801429504
4801691648
4801953792
4802215936
4802478080
4802740224
4803002368
4803264512
4803526656
4803788800
4804050944
4804313088
4804575232
4804837376
4805099520
4805361664
4805623808
4805885952
4806148096
4806410240
4806672384
4806934528
4807196672
4807458816
4807720960
4807983104
4808245248
4808507392
4808769536
4809031680
4809293824
4809555968
4809818112
4810080256
4810342400
4810604544
4810866688
4811128832
4811390976
4811653120
4811915264
4812177408
4812439552
4812701696
4812963840
4813225984
4813488128
4813750272
4814012416
4814274560
4814536704
4814798848
4815060992
4815323136
4815585280
4815847424
4816109568
4816371712
4816633856
4816896000
4817158144
4817420288
4817682432
4817944576
4818206720
4818468864
4818731008
4818993152
4819255296
4819517440
4819779584
4820041728
4820303872
4820566016
4820828160
4821090304
4821352448
4821614592
4821876736
4822138880
4822401024
4822663168
4822925312
4823187456
4823449600
4823711744
4823973888
4824236032
4824498176
4824760320
4825022464
4825284608
4825546752
4825808896
4826071040
4826333184
4826595328
4826857472
4827119616
4827381760
4827643904
4827906048
4828168192
4828430336
4828692480
4828954624
4829216768
4829478912
4829741056
4830003200
4830265344
4830527488
4830789632
4831051776
4831313920
4831576064
4831838208
4832100352
4832362496
4832624640
4832886784
4833148928
4833411072
4833673216
4833935360
4834197504
4834459648
4834721792
4834983936
4835246080
4835508224
4835770368
4836032512
4836294656
4836556800
4836818944
4837081088
4837343232
4837605376
4837867520
4838129664
4838391808
4838653952
4838916096
4839178240
4839440384
4839702528
4839964672
4840226816
4840488960
4840751104
4841013248
4841275392
4841537536
4841799680
4842061824
4842323968
4842586112
4842848256
4843110400
4843372544
4843634688
4843896832
4844158976
4844421120
4844683264
4844945408
4845207552
4845469696
4845731840
4845993984
4846256128
4846518272
4846780416
4847042560
4847304704
4847566848
4847828992
4848091136
4848353280
4848615424
4848877568
4849139712
4849401856
4849664000
4849926144
4850188288
4850450432
4850712576
4850974720
4851236864
4851499008
4851761152
4852023296
4852285440
4852547584
4852809728
4853071872
4853334016
4853596160
4853858304
4854120448
4854382592
4854644736
4854906880
4855169024
4855431168
4855693312
4855955456
4856217600
4856479744
4856741888
4857004032
4857266176
4857528320
4857790464
4858052608
4858314752
4858576896
4858839040
4859101184
4859363328
4859625472
4859887616
4860149760
4860411904
4860674048
4860936192
4861198336
4861460480
4861722624
4861984768
4862246912
4862509056
4862771200
4863033344
4863295488
4863557632
4863819776
4864081920
4864344064
4864606208
4864868352
4865130496
4865392640
4865654784
4865916928
4866179072
4866441216
4866703360
4866965504
4867227648
4867489792
4867751936
4868014080
4868276224
4868538368
4868800512
4869062656
4869324800
4869586944
4869849088
4870111232
4870373376
4870635520
4870897664
4871159808
4871421952
4871684096
4871946240
4872208384
4872470528
4872732672
4872994816
4873256960
4873519104
4873781248
4874043392
4874305536
4874567680
4874829824
